1.073328816156762455e+00 9.078969332874956555e-01 3.795337057877457028e+02 -1.636772757411216844e+03
9.733138060491254295e-01 9.039073819106124841e-01 -3.869240793060928809e+03 1.568236395544866184e+02
1.249566557424279356e+00 1.171682661723767005e+00 2.192153791549669961e+02 -3.880665757607209230e+02
7.493400163838888073e-01 1.018089609273098661e+00 -1.128013515896540639e+03 -1.354141550981798048e+02
8.067151846601979814e-01 9.441049438050017617e-01 9.937305760262280501e+02 -1.490970947892305048e+03
1.155078908037540542e+00 7.828906872615447599e-01 1.163423527000538343e+03 -4.842888082952489981e+02
1.557445795982628001e+00 1.165576787791909208e+00 6.557699535988690513e+02 1.593334633042096129e+03
6.904028390347993760e-01 8.962983719387147552e-01 2.097877965413215406e+03 7.629547075041028847e+02
8.332902971144593440e-01 8.585510852295168416e-01 2.144050573992326463e+03 1.527296820562007042e+03
1.008965705902197030e+00 1.120266311286383099e+00 -5.302421524420194601e+02 -7.207766728588089791e+02
9.039683405343025280e-01 1.089225033925427244e+00 1.714999970100705241e+03 -9.967520559156682225e+01
1.392019273484402353e+00 9.756343998390588634e-01 -4.011221496165027816e+02 2.786214565169542539e+02
1.268150208941785761e+00 8.664304275549812306e-01 -3.182379621797507298e+03 -2.194733271827888530e+03
7.808112713369608215e-01 9.732738649282973720e-01 -2.159440823281301618e+03 -2.877894932569512093e+03
1.331940507431466969e+00 8.934386357167602988e-01 6.940707063982661111e+02 -8.710412442638090624e+02
9.949061866561786927e-01 9.887415682601723432e-01 6.364718878219309062e+01 3.242596113009223245e+03
1.131256716062569057e+00 1.328472764371498860e+00 -1.764602296001513935e+02 1.797249734733608420e+03
1.616885232171836551e+00 7.979972032580248120e-01 1.836568113020968440e+03 6.278445205964635534e+02
9.249995205662170372e-01 1.143213163847652147e+00 -1.315330109153803278e+03 2.939550993945882738e+02
8.417152287433695701e-01 8.626105568256923206e-01 -2.132908725513878835e+03 1.825508630412714865e+03
9.364348804610544974e-01 6.833759613453580517e-01 -4.483020778794469834e+02 9.273110931979771294e+02
7.699782061736079042e-01 7.975947449396130207e-01 -1.441656531518068540e+01 1.198928399122876044e+03
1.412093013115499840e+00 8.364273254725864692e-01 -9.259560241103800990e+02 -7.706130295869623978e+02
9.863377974870038978e-01 5.704941715278915026e-01 -2.307372533584262328e+03 2.812938845340995044e+02
9.959643435369092135e-01 7.890730164370376443e-01 -2.032796721018746098e+02 8.649421273696164008e+02
9.007906480769563018e-01 9.435526881039223435e-01 2.431739803363432657e+03 1.364153814389808076e+03
1.630328216374046457e+00 6.429583583806194325e-01 -9.264068280550076224e+02 -9.896444483717810954e+02
7.105850527708914566e-01 1.166136720584459274e+00 2.189678670749009143e+03 8.703826646230293136e+02
8.429718954374511020e-01 7.215461205557260893e-01 -1.028011715492858912e+03 -1.834811362300406756e+02
9.211767735369417176e-01 9.862461260800310381e-01 -7.648772725663687879e+02 -2.202383953670786923e+03
1.109582026413272082e+00 1.770630608426773334e+00 9.361119230454306717e+02 -5.118939517870496161e+02
1.319199847632796407e+00 1.196109816431445205e+00 3.701950840545840492e+03 -1.345194396406544001e+03
9.253103536891401637e-01 1.616333296335687342e+00 4.853381344108338453e+02 -9.699412193022059228e+02
9.015233134473704668e-01 1.098075804751511120e+00 -8.826579280856857679e+01 -1.374871072652018256e+03
8.833206323679576588e-01 9.286525872252476832e-01 -1.587361399636289661e+03 -1.116620191604842603e+03
1.177418543272414908e+00 1.177086254236499929e+00 -2.652808019640459136e+01 7.271549708622914068e+02
1.347185195108037359e+00 8.042113841347396930e-01 -3.163837272859498626e+03 1.374881297957940660e+02
1.112143762699146832e+00 9.515499174584576281e-01 2.098024281946664814e+03 -8.761858178097021437e+02
7.147696557136539175e-01 9.763140722354333167e-01 -8.001726552908464782e+02 9.316296281935483421e+02
7.327488007836383543e-01 9.899970898719699930e-01 -3.296002251897160704e+02 1.173057078676733909e+03
8.269302389804038533e-01 1.088400770637343751e+00 -1.044416659690036795e+03 -9.517203349324108785e+02
9.905731613374784139e-01 1.068393527266647380e+00 2.834135884257185808e+03 9.084062885745404401e+02
9.761887656464233176e-01 1.207883811574180344e+00 -1.819950298692928072e+03 1.570196698199041521e+02
1.038097109217218206e+00 1.527075510841835682e+00 -2.264161461110590153e+03 8.802248640618471143e+01
6.579973496389029952e-01 1.029258093939797503e+00 -1.564617800986746090e+02 -1.255153224840822759e+03
1.038405017209997672e+00 7.681820592662405023e-01 1.328539555074380814e+03 -1.910675893199830568e+02
1.180389513494980003e+00 1.112235828170296204e+00 -4.643073431096132708e+02 -3.060748391180648468e+03
1.677896276275158582e+00 8.633126044831507251e-01 9.721546746019484999e+02 1.366270019834126060e+03
1.108251610997376124e+00 1.071994355037770186e+00 8.241934201161135434e+02 -2.631687124117011990e+03
6.136524049512849244e-01 6.063338715167823079e-01 -3.302595384589080368e+03 1.210762414097909414e+03
9.513425749509295537e-01 1.015723690979009497e+00 6.493195169974826513e+02 1.961837406308993422e+03
8.892949209561303858e-01 1.280488542537310481e+00 1.047316720489065574e+03 1.156361959801186998e+02
1.323094008972167224e+00 1.031104625824117438e+00 9.408583666042962932e+02 9.707923658515037459e+02
8.671772205955794455e-01 9.501713925342518685e-01 -9.884538056809485624e+02 -4.974824842852296456e+02
8.728914146448442102e-01 1.126769651196750877e+00 -5.672832818213014434e+02 1.759112259690032488e+03
6.991316397983480257e-01 1.280338267317018275e+00 -1.752586880682121773e+03 1.522073756221304620e+03
1.089376759365427993e+00 1.850772694016525222e+00 -5.368967748131734652e+02 -1.379852806743856263e+03
1.554032475101660982e+00 9.100371593204920062e-01 -5.727465401113573762e+02 -8.664721849015658961e+01
1.315691158166625074e+00 6.761761330741808962e-01 4.488933205438223695e+02 -2.983849751900537740e+03
5.785853238043298097e-01 1.219488540746964000e+00 -2.113036772927002858e+03 9.647614626122486925e+02
9.506229834512245347e-01 8.788872260785111079e-01 9.757370833310123999e+02 -1.074115194249361593e+03
8.972369838542197940e-01 9.534633157014159588e-01 -8.490673822699088760e+02 -1.638354043252446104e+02
1.142453091272727761e+00 8.261536930694096670e-01 4.023158295841456038e+03 1.192247079795068203e+03
1.337561415567864564e+00 1.100059152628593884e+00 1.667575439394639034e+03 -4.325948175120797146e+01
1.029525815597321925e+00 9.474907140501619418e-01 1.406513141535451950e+03 8.678801075630000241e+02
9.392544025868839741e-01 8.827392024573934570e-01 6.904186722686548592e+02 -2.027391508571771965e+03
7.137668728220440961e-01 9.949389819664060663e-01 1.673455421756312035e+03 3.248154064920184737e+03
8.870483014582283277e-01 1.581297602450350670e+00 4.109499147412553270e+02 1.847626405983514360e+03
9.813741907309353474e-01 1.750384188980623312e+00 -9.849740132339829302e+01 6.386552749655962913e+01
7.343401544003917980e-01 1.134719898309355157e+00 -1.405464184094928441e+03 2.813628642904025583e+03
1.223216074627892613e+00 6.363863793201584018e-01 2.070495933272932234e+03 -1.039622084336383068e+03
1.329248444442930444e+00 1.061462810534994361e+00 -7.778585550381884559e+02 3.243992649105145460e+02
1.234673762683459408e+00 7.030147512458169157e-01 -7.772596915626888858e+02 -2.052930942327625417e+03
8.712106310540216336e-01 1.638534871170940876e+00 1.775784619157495626e+03 -1.551841787870758026e+03
9.584878451099461127e-01 1.131844814526879128e+00 1.696986293990769639e+02 -2.182251881028238131e+03
1.065100070928036269e+00 8.506544961897500867e-01 -1.655870023123357214e+03 -1.859549339694832270e+03
8.311018193746937399e-01 1.175119468032529868e+00 -2.385045055980519010e+03 -1.441704107778420791e+02
1.225189726863692874e+00 1.064079638266442362e+00 8.484457714731463511e+02 1.043077296231426089e+03
6.846290911471522023e-01 1.030631154275311268e+00 2.892703306037866469e+02 1.207179719571126725e+03
9.409075468630924144e-01 6.833577673917382578e-01 1.410343868231132092e+03 -1.554393912737971277e+03
1.004064903327090308e+00 5.558168105548878524e-01 1.507229368101186253e+02 -5.927825032910758409e+02
7.347646676595372961e-01 1.079864149181920085e+00 -1.330630417121744586e+03 5.690694927422205183e+02
1.084349609080806021e+00 8.796151839470452982e-01 -1.168513017583304418e+03 3.028789535189131357e+02
9.504662862721185990e-01 9.445351164070130423e-01 1.944953683145047535e+03 -2.553734098105361227e+03
9.103138491956045408e-01 1.316171981935157387e+00 1.369583340471925794e+03 4.381700877384109845e+02
7.948934772668659887e-01 1.038579937431819200e+00 -3.476681346065245179e+02 -2.084036226843484201e+03
1.008693663926784945e+00 9.421129065197219044e-01 -3.027121757315849777e+02 1.253669915255191682e+02
1.266850105071263499e+00 7.596160984569108043e-01 8.085333001118392531e+02 1.919716544223614392e+03
1.099111631447376114e+00 1.168007578210921382e+00 2.295718137058287539e+03 9.205725700740130435e+01
9.711977213164070255e-01 8.275859622037403662e-01 6.000349971688060577e+02 -3.287563188694348923e+02
1.076520911180228302e+00 1.206851663243757589e+00 -1.502683071555439938e+03 1.770173052191469878e+03
8.614825047668182023e-01 8.629710763537378204e-01 5.967057799164531389e+02 -1.165617200456202454e+03
6.562745376423769761e-01 1.158993827158973478e+00 -1.675876375835035788e+03 -1.850790588675271692e+03
7.942972923064035573e-01 9.753258963171720364e-01 -2.597410495942796842e+03 -3.197865306351404868e+01
9.431941254408864328e-01 7.688092944167554954e-01 -9.656814190567245078e+02 1.505067350813449821e+03
9.528907441057422600e-01 8.166175880027586320e-01 1.392834981374721337e+03 -2.958766797867043351e+03
7.536047307419123653e-01 1.254022967188231918e+00 1.582191661346840647e+03 1.002498704912408982e+02
1.139737259790842838e+00 8.414286352419917403e-01 -3.893285601236792672e+02 -1.759185188612975139e+02
1.092421623350602111e+00 8.783245499996975569e-01 1.516284069301827685e+03 6.757113513997008170e+01
1.316658887860681970e+00 1.371219637644110367e+00 -4.641538642597656690e+02 1.014120271891527523e+03
8.989688071493397992e-01 1.153077037197814292e+00 3.944036418187322965e+02 -4.614244085180903454e+01
1.280928076670120097e+00 1.242038807556844704e+00 -6.251395326372070258e+02 -4.008487008494118982e+02
8.395144743070814819e-01 1.165328182933273560e+00 2.250783435031267345e+03 -1.008081232742333242e+02
1.122920952133351413e+00 1.283298944274465114e+00 -1.499084345251723335e+03 -1.126532681178501662e+03
1.123418588142521379e+00 1.651110051656717426e+00 -1.232950661524519319e+03 -1.838530887936265117e+02
1.120233351941725797e+00 1.245144089296188028e+00 6.066162516870073205e+02 2.825157096781722430e+03
9.502013458992146777e-01 7.411653464036718209e-01 -9.133750352375268449e+02 -1.204865803457998709e+03
1.385066218662690751e+00 8.538177440241676575e-01 3.402241532514420896e+02 -6.729010198232592757e+02
1.189438864602672785e+00 7.349141381860470057e-01 3.743778081536736977e+02 -7.731043329387299536e+02
9.923668919959979240e-01 9.728618674617992568e-01 9.839211430412301524e+02 -7.398321164920575654e+01
7.245469311362808806e-01 1.178225992449057458e+00 -1.204587991822281765e+03 3.721893277152593782e+03
1.140656064979314266e+00 7.844634051426339072e-01 -9.662291547769219733e+02 -1.159231782639702942e+03
1.017197419638960154e+00 1.148005607188929078e+00 -3.365159459785800664e+03 4.799863967337620352e+02
1.112195566798584556e+00 1.705511028044847555e+00 -3.434824840875959922e+02 4.283526941402626562e+02
8.575566329601959081e-01 9.702688501079350658e-01 1.264479495218811280e+03 2.427739971026040621e+03
1.919534537399919527e+00 6.801195434124837069e-01 4.937895175257220330e+02 3.733680000296599246e+03
1.223433473064061250e+00 7.492062839355231318e-01 -7.851380761628314531e+02 5.149255779188997622e+02
1.066166329215746611e+00 9.395453750267457327e-01 -7.740952144857354824e+02 -3.404502202368235885e+03
1.065395731097326104e+00 9.773293159287570475e-01 6.019019781749584581e+02 -1.391798153789573462e+03
7.828821782013750674e-01 8.827085972186539120e-01 -5.490010932574399476e+02 -8.011284606603554721e+02
9.966695919448343988e-01 1.235937393003943008e+00 1.245136572637064774e+03 1.928309677342535224e+03
1.349904672098701797e+00 8.790285881318610217e-01 -1.810225037196316407e+03 -2.608686521407572855e+03
1.017986076633274228e+00 7.143506438950225634e-01 -3.051050095650135745e+02 -1.710135966126638607e+02
8.852138489019759637e-01 5.427661546516944213e-01 1.223709138071698590e+03 -1.670244918093386488e+01
9.703775418133862019e-01 1.157018422920170986e+00 -3.030251579167308478e+02 6.070478957004870608e+02
1.087941995828165087e+00 1.187817968795764623e+00 -1.259177717764277759e+03 -2.301798104413051988e+03
9.863090735092548966e-01 6.867801261814538982e-01 2.505796975904929241e+03 -1.525691350970607800e+03
1.412687403667293395e+00 1.183947983456606012e+00 -1.069905214393698287e+02 8.508161324448863070e+02
1.090054303971366378e+00 5.846994983654123512e-01 -8.706404202102982026e+02 2.946448976554912406e+03
8.546363768509135372e-01 9.566234396506707593e-01 1.005682518087143194e+03 2.730912496144270790e+03
9.432233121201423209e-01 6.303836001344371720e-01 -2.479122873655192194e+01 3.359201318316040670e+03
9.249105140371025602e-01 1.168082757354367951e+00 -6.158263530486511428e+01 -7.619809701781500735e+02
1.252154773788456854e+00 7.552357677789079959e-01 1.206371964190502467e+03 -1.440512479703712643e+02
8.673174494895288245e-01 1.143096125166604526e+00 -2.230099117541513351e+03 -2.459589924000453721e+03
8.057360169271274852e-01 1.020759780504563619e+00 1.534742795743390843e+03 3.539477422868981762e+02
7.246145993442234534e-01 9.245368659067546568e-01 9.847274634922825953e+02 2.028093914313024698e+03
9.122159073459267242e-01 9.389429444712616979e-01 -7.127255354441181225e+02 -2.953706181797862882e+03
1.527713764988378076e+00 8.655856098433061252e-01 -1.993919385259923445e+02 -4.859862403031366966e+02
8.831568534283338323e-01 9.360633297556728571e-01 -1.874771043574986606e+03 -2.503709160998083007e+03
1.384809522906985668e+00 7.657886654132067816e-01 1.068483129589659910e+02 2.709388534102936319e+03
1.044971249490027621e+00 1.167970730109061606e+00 -2.265137990071139484e+03 -5.104238296792601659e+02
1.223392670130784898e+00 1.050178587394070107e+00 1.370324214663234670e+03 1.739273918847662117e+03
8.200040295805434143e-01 9.439873246888005331e-01 -1.423504477342301698e+03 -1.435924344083674214e+03
1.201000995031689778e+00 7.933735404957396042e-01 -1.333633064532941717e+03 2.036889111304061544e+03
1.466799951578527272e+00 1.589211720865406408e+00 9.786190664470148022e+02 1.286627170168959537e+03
1.290089834581693795e+00 7.655815660345626217e-01 -1.502032836263061313e+02 2.318720235563992446e+03
1.004419028660120672e+00 8.569932438255224438e-01 2.368825023811542451e+03 8.181609458409319586e+02
1.099656806898548389e+00 7.526858373431069005e-01 -3.391496486295291675e+02 6.594246006336484811e+01
1.058997366793837935e+00 1.358766623217298797e+00 -1.732524047454674019e+03 9.516065275252825586e+02
9.655194446940705832e-01 7.426890229881603078e-01 -1.316689598334180801e+03 -8.296053867064371161e+02
8.221181530679260163e-01 1.440700502326683674e+00 1.265304677966425515e+03 -6.724452348604700092e+01
1.176512238340208683e+00 8.917373193760529393e-01 9.816626848783860169e+02 2.182934259323413926e+02
1.302733077347112189e+00 7.477702644311182700e-01 -3.199697074517633610e+03 6.031369983874164120e+01
1.188083147948320040e+00 7.429106277683397153e-01 2.223661161891699862e+02 1.777262152870144746e+03
8.012714710173534094e-01 8.175081221732414249e-01 1.400228350688997807e+03 -1.445540559178600461e+03
9.167104516645094847e-01 7.379183868758432130e-01 -1.609737253327606936e+02 1.277551770263854252e+02
9.803006822595848879e-01 1.006881042804897541e+00 1.101255023987351706e+03 -1.384461372571968013e+03
1.070872306468239277e+00 9.931209162844634175e-01 -1.014288215896038537e+03 9.162270445032387443e+02
6.139887828098641309e-01 8.383138720536199573e-01 -6.735606770169241599e+02 8.913495801066275135e+02
9.788175718984647444e-01 1.180951683375854211e+00 -1.764670564144300215e+03 9.984849753367985841e+02
1.166747185702027290e+00 1.003966306904821915e+00 1.468237009120715129e+03 -1.486801942221643458e+03
1.370783937637146455e+00 7.878169502950391756e-01 -4.026941747717991120e+02 -9.573859724809782392e+02
7.990279447716884809e-01 1.239836528218148048e+00 -3.318012527392750144e+02 2.342608086844014451e+03
7.099300964746940723e-01 5.106742045964223209e-01 4.811274273836830844e+02 6.600253126001651935e+02
1.087708853280605625e+00 9.693160339292488104e-01 -1.728401614357364224e+03 -8.300780965597703016e+02
1.208111369441151606e+00 1.181632658738685615e+00 1.103515844516218976e+03 -3.943488495543192130e+03
1.275599448082345599e+00 1.276766801076839153e+00 1.418610378541003229e+03 -8.595631147003648209e+01
1.216752132683417198e+00 8.042220277688725272e-01 -1.443073425495183244e+02 1.713790094038175994e+03
1.089424655064101355e+00 1.246063519965328936e+00 -4.818414516972065371e+02 -6.864906889037666815e+02
1.347503254086427127e+00 1.125137008644194747e+00 8.188669189836278406e+01 1.826192908322622941e+02
7.310695656613537263e-01 1.469296424294469494e+00 7.402027796241883379e+02 -7.858930469626025115e+02
1.455150551443354034e+00 1.292549701321733080e+00 1.126008343549226396e+02 -1.301271817973002271e+03
9.932639389804650554e-01 1.028414131398182274e+00 1.938437934308431750e+03 2.178810386954216369e+02
9.894553252214907113e-01 1.620559274251830439e+00 9.702951610790390760e+02 -1.778142393906941379e+03
7.265230510209201853e-01 1.209985488175492341e+00 3.311058026029954249e+02 8.724467234048138380e+02
6.904326392629461795e-01 8.391100532180097993e-01 -2.870847694034495134e+02 9.993363691412794196e+02
1.482496403114003769e+00 1.193235467143902495e+00 -1.256731149348369172e+03 1.824611110024373488e+02
1.115025535443398885e+00 8.663472664886445740e-01 -3.561184986161509300e+02 -1.269389817949843518e+03
9.157463248647855769e-01 1.048357287120172732e+00 7.327698095703882473e+02 1.131193364784675850e+03
1.058672450677136778e+00 1.185090697359316714e+00 2.536517702888365875e+03 -1.482691642712318298e+03
7.862054780782269381e-01 6.360287895443171857e-01 3.616697830372942235e+02 -1.028984211371903712e+03
1.146787578943675889e+00 7.637809971848610324e-01 4.316611203583332781e+02 3.494487329485311875e+02
1.079163393246573399e+00 9.388055863577454696e-01 8.706724940991323365e+02 -9.426853869392386969e+02
1.003043354554884914e+00 1.091763006838166072e+00 2.380759189247848155e+02 -6.878244138171795612e+02
1.775878776532576531e+00 7.734648225123550436e-01 1.460542766954357148e+03 -3.110270217985133513e+03
1.171614419894980497e+00 1.128006373478464885e+00 -8.109739760064808252e+02 8.604692031329341262e+01
1.156393344280353785e+00 1.198057055528181536e+00 -2.599908329830505522e+02 1.327257522784369144e+02
7.798788487565155858e-01 1.051121362115119418e+00 -1.387225756210750887e+03 -1.740267527019571617e+03
1.012826122095727532e+00 5.859897158415582341e-01 -6.572073567480658767e+02 8.191167247100514714e+02
1.151791425584237416e+00 7.789860469645931706e-01 4.618320042201783622e+02 1.540627476552729604e+03
8.026167745560738309e-01 7.014459904544367852e-01 -1.977379722953324062e+03 4.296695313341357547e+01
1.222787268065357535e+00 7.391531178349196596e-01 1.251547322530245538e+03 2.604525732336448073e+03
1.074727189652820991e+00 8.048935663387873918e-01 -9.087985554480821975e+02 1.933260649275275227e+03
9.918661497925234105e-01 1.134771074815419389e+00 8.292357550814698470e+02 -1.007741402708375858e+03
1.261155033260966229e+00 1.147906821792447074e+00 1.418868793545500466e+02 2.562980482458592178e+03
1.161750746250109989e+00 1.441808359818915086e+00 -3.762480747451963907e+02 -2.039494302856484182e+03
8.659561461289867479e-01 5.709726647273257738e-01 -8.514871946606600659e+02 1.296708834880419090e+03
1.156680740647409555e+00 9.447560819029126034e-01 -2.292765030399256375e+03 3.061304887543421955e+03
9.615216479379030678e-01 9.743150894793420891e-01 1.254873587999627034e+03 1.243009120561063128e+03
9.261017514129712414e-01 9.986201880103825479e-01 -9.510268273964636592e+02 -1.437085148645500112e+03
1.652758644832382773e+00 9.316155492580513453e-01 4.816213399296968873e+02 2.815690440663385743e+03
1.303008762476522087e+00 1.608924034677820636e+00 -4.068926976314818234e+01 -4.739184252880327222e+02
9.234438548898329380e-01 1.399549588579179771e+00 -2.730299522833168794e+03 -3.658140308606606368e+02
1.064056544087764955e+00 8.947137113873613323e-01 -4.081042544410136543e+03 1.079873914446146728e+02
1.432281769267631288e+00 9.854482085458443619e-01 -2.481421312062515426e+03 5.936796496227901088e+01
9.178429476506583251e-01 7.861716654406583071e-01 6.769122542453085316e+02 2.235769918896319268e+03
1.318807272119034035e+00 1.638981454890517053e+00 -1.678156337201603492e+03 3.309909017815525658e+02
1.238450582446002590e+00 1.033439319451650018e+00 -2.734558729138144372e+03 1.821726628041579943e+02
6.885667953902810945e-01 9.221164179385284987e-01 -3.529081706163083254e+02 1.701588309414089053e+03
7.920713589074592775e-01 1.113645165924542546e+00 -2.635571622069392106e+02 3.185209205400103656e+03
1.028014618721472706e+00 9.542000145968235758e-01 1.475041391189341994e+03 -9.214939589927764700e+02
7.355366940131536913e-01 8.206645244594558131e-01 -3.542415025150576639e+03 1.238789140850058402e+03
8.479336763374327735e-01 7.961792454915107564e-01 -1.195377142268529951e+03 -2.299900263569169510e+03
1.063927180801681249e+00 8.870223811203331588e-01 3.249589383205389822e+03 3.313175057223947420e+02
1.072361041116768554e+00 1.053947784160328194e+00 5.198205285667229418e+02 3.583855169631617628e+03
8.304545077362558425e-01 1.014543274643304738e+00 -3.132141839159588926e+03 5.052256387556155914e+01
9.425813191084430054e-01 1.273432038771648456e+00 -2.519032013124509817e+01 -3.362804055531858012e+02
1.128229400309260999e+00 7.347328724183345150e-01 -4.336393100011738966e+02 -3.198556516005389767e+02
7.561975297089301717e-01 1.680629249735519526e+00 -6.227792466215546483e+02 -2.563320046581302904e+03
1.083402325299933633e+00 8.082898422563657981e-01 -2.816445826735550327e+03 9.662945331306459593e+02
1.140857907787006464e+00 1.171761134184301056e+00 4.010110072371976742e+01 -5.284750373498260387e+02
9.419078634778810244e-01 1.204080929594231408e+00 1.706006925090365712e+03 -1.000535103840341321e+03
1.101194881392757230e+00 9.094420463868682081e-01 -1.321339529602879566e+02 3.272478819382656212e+01
1.127537067243156166e+00 1.381989643259980971e+00 7.023506782541917346e+02 1.292549874937771619e+03
1.016955401295729811e+00 1.135412631101312630e+00 -3.461104841293624190e+02 3.775131204245394201e+03
1.054338146186599490e+00 1.120571103727005413e+00 -1.465480085694865011e+03 -1.055059147155369146e+03
9.392724103339319397e-01 7.904405087287799114e-01 -2.001390914342666292e+03 4.489190382062151343e+02
1.038126512839601112e+00 1.110982948996580122e+00 1.750400119291108467e+02 4.397089341870258750e+02
1.032520170166653761e+00 9.297632004519486015e-01 5.694692806976776467e+01 -1.312060762744076783e+03
1.320529876828024696e+00 6.880428253577752784e-01 1.190302583365891451e+03 -1.544688704767266245e+03
8.208659407180517453e-01 1.159827049749806882e+00 -2.885537253142409213e+02 2.281318171440008427e+03
1.222134851172823833e+00 1.155545965942619713e+00 1.584605466333315917e+03 6.232160134503778863e+02
1.151040781889833609e+00 8.271477599015246707e-01 1.232243238301806741e+03 -5.450446971142838493e+02
9.661126504068028309e-01 1.159674831994389033e+00 -1.822000049723172197e+03 -1.340868850219183287e+03
9.148843169151393839e-01 9.190927585541762701e-01 6.035381819378286536e+02 1.751774987726697361e+02
1.034784105491050932e+00 9.758578581529004925e-01 2.159540100735532064e+02 -3.209331053564320882e+03
8.015685794736170378e-01 7.555929205130412774e-01 1.541651389754106503e+03 -5.408699129322772023e+02
9.285159691467336218e-01 1.370054723078451220e+00 -4.017321789028683270e+02 5.913944706144154679e+02
1.061127237289842595e+00 1.075322407764330412e+00 -1.005294960311826912e+03 -2.162421758216907506e+02
7.943005411746328903e-01 7.499495024689869505e-01 1.359523487422419294e+03 9.787918665607626281e+02
9.873150064662611358e-01 1.125527365665224488e+00 -2.213114757923357956e+03 2.277194576433795419e+02
7.253163142064836810e-01 1.040483504568658013e+00 -2.279806016550101958e+03 2.341847642290353178e+03
8.889455947473513531e-01 8.817930378880385334e-01 -6.972156552336629147e+02 -8.047394896511693787e+02
9.882928365889425137e-01 1.377571488355313178e+00 4.093900666406045730e+02 -1.525941947179214367e+03
1.097918973437740586e+00 1.250306955367462836e+00 5.562956105328772765e+02 1.807001008165389976e+03
7.802943201369101356e-01 9.508268332100017206e-01 -5.289056283471986717e+02 8.378361926305451561e+02
1.151283665733707107e+00 1.252915371767211239e+00 2.045931954394852710e+03 -5.266644638800304534e+01
1.204929525493242393e+00 1.067422130192999363e+00 2.636861601503481324e+03 -2.129371418590865687e+03
9.675330808185139686e-01 1.096377926651937340e+00 1.534203368909475557e+03 -1.476839708165844741e+03
9.090075319461521364e-01 9.447841573834683260e-01 -2.769780591147319683e+03 -6.847989957473153027e+02
8.356268666447267401e-01 9.497772538278429488e-01 -3.440279262734044892e+02 4.785687769717708875e+02
1.045640641550015681e+00 1.201262535236834461e+00 -2.033755849527071632e+03 -2.561505177328755508e+03
8.450350054595122673e-01 1.191576603795807321e+00 -1.163069865878794928e+02 5.915959799445871568e+02
1.024860071980095988e+00 7.254242129243080317e-01 -7.229458655632726050e+02 4.467620836997543847e+02
9.080280625764589608e-01 7.996039972043178512e-01 3.187447355875256108e+02 1.804491701134742016e+03
1.159102387746835161e+00 1.364754674656040390e+00 3.549737016920711994e+03 -1.420677119478694408e+02
9.249802178403647712e-01 8.740134252528891645e-01 2.398542554019030376e+03 -9.615168655035296297e+02
1.248225233666284906e+00 1.053932447773081371e+00 -2.666889457832229482e+02 -2.653748056603580494e+02
8.586749023599012931e-01 6.184864640126452873e-01 4.006326123768591856e+02 1.762118815928208051e+03
7.890797535292028986e-01 1.025169986336637473e+00 3.101198653443555031e+03 -3.212284555202672891e+03
1.079943826182509170e+00 1.065918033431439538e+00 -4.723879468558956205e+02 6.372797232661995395e+02
1.047708492597168473e+00 9.783022776330083659e-01 -7.145069041797620457e+02 8.645672901804799437e+01
1.436235598365106059e+00 9.694645425000011363e-01 1.518339789036586808e+03 5.252394502846030946e+02
9.300692299486197356e-01 1.299650486719597486e+00 8.111926082390455406e+01 4.754196470407569208e+00
1.304768170909932135e+00 1.365621285878921620e+00 -3.049908244609247959e+03 1.492253831917404909e+02
1.562084753896046285e+00 1.267183910018391479e+00 -2.381827853232154666e+03 8.664892266313363507e+02
1.490779004403605112e+00 9.006568466229570857e-01 2.703461716036577400e+03 8.036600007925090949e+01
1.178645236235504212e+00 1.266074812792691962e+00 1.390267789179974898e+03 -4.034236700176377894e+02
8.902032985904229090e-01 1.003519460105957384e+00 1.445626150669995013e+03 -1.241595598578858016e+03
1.235275149729758049e+00 8.263112894029397415e-01 2.413796496978419782e+03 1.663429475533196864e+03
9.910694743201324819e-01 1.319452842010946814e+00 5.816969921442625946e+02 -3.072898028116702562e+02
1.320555934989497082e+00 6.466004820939652564e-01 3.043305773289552235e+03 1.095680750822068603e+03
8.145140484417778826e-01 1.072869345104888072e+00 6.621732527368782257e+02 2.380873979397036692e+03
1.215917153006345286e+00 8.148503897900688520e-01 -4.727219965707276970e+02 1.485169003134124353e+02
8.376988197562601490e-01 1.032364723745041513e+00 -1.141282248130148957e+02 2.483851823937733570e+03
7.453971858895656055e-01 8.562085463228620297e-01 -1.417904046679247131e+03 -1.508198779492038057e+03
8.493770534424388563e-01 1.051094751179171283e+00 -1.244124333692692289e+03 1.130790705990123570e+03
1.072843266318460387e+00 9.159135855922775349e-01 -3.510079483900695436e+02 7.788489486593003619e+01
7.712344207694296072e-01 9.916531165860708041e-01 -5.206881541828813624e+02 1.974568917815465738e+03
5.705406417333043212e-01 8.219008890626339214e-01 -7.060146699930602381e+02 1.990531959713288416e+03
1.326246601779987211e+00 1.036306935592719469e+00 5.343801465015828711e+01 2.643949183731406720e+03
9.159343974461000570e-01 7.760050197592693877e-01 5.683570985945962093e+02 -7.819706515414186470e+02
8.805243135677475186e-01 9.759951563624864601e-01 -9.721211242722121142e+02 2.479877880960093989e+03
6.601547987400635531e-01 7.427241567536826405e-01 1.764031277797341090e+03 -5.410485880554033429e+02
1.174847549165729976e+00 9.448491893817174692e-01 -1.314900969000801069e+03 -1.294237015840685217e+03
1.226582492258114554e+00 9.250422710874891541e-01 1.469617034398621399e+03 -2.701632632705391643e+03
8.752865333579683549e-01 7.274608514012911309e-01 7.743451426696933595e+02 -1.106805524658709601e+03
6.855379953365540180e-01 1.142127514390579135e+00 3.892102870667632146e+02 1.185628119973141281e+02
9.987919574171569836e-01 6.000594282160615078e-01 -9.541941754310620354e+02 -7.354169900051047080e+02
1.228906382195595004e+00 8.538772935480634096e-01 1.524488314495324914e+01 -1.324216484678156121e+03
1.033466400592576218e+00 1.089398731015195798e+00 6.990954142075414666e+02 -5.222381863388883403e+02
7.327382784242801872e-01 1.155575025127096644e+00 -2.151102703712550465e+03 -2.195751835702492826e+03
6.641010592582898830e-01 7.962943025182420698e-01 -2.818249092407949774e+03 1.845227900541315648e+03
9.492096983448192749e-01 1.082114047204334017e+00 1.287529055849815677e+03 -8.735747331995682998e+02
9.893665427127159573e-01 1.033893259479405247e+00 -6.973787424827852419e+02 1.820610797513645139e+03
1.512779693525675428e+00 9.780624944466089765e-01 -2.025125361025565326e+03 7.916782288445850781e+02
9.470032207516316802e-01 5.474122402749701521e-01 -1.610049802150453388e+03 -1.620852045396977246e+03
7.199590768275200281e-01 1.235939578230667024e+00 -1.655300745420182466e+03 2.235557531458809081e+03
8.837760844925375281e-01 1.191775099376146896e+00 7.902918369748206260e+02 -1.482057505987657805e+03
8.598263923892357496e-01 7.213067868793421322e-01 6.006560007738293052e+02 -1.089435559457718000e+03
1.194688406746751363e+00 1.100239564360015798e+00 1.040230313948663365e+01 -7.511977026638996904e+02
1.113629889477534718e+00 8.466082234431392406e-01 -5.639479530847065689e+02 -2.224143492470314868e+03
8.925024986696817875e-01 1.217196178259188022e+00 3.693666174634354320e+02 -2.680947829911981898e+03
1.088787658533068470e+00 5.719270183616411707e-01 1.321719706647904559e+03 -2.209992588375881041e+03
1.107766363497153739e+00 6.134152618828799808e-01 -2.693114614463046564e+03 1.400154755236832443e+03
1.210512746707273601e+00 6.690086988671857249e-01 -6.030217077015838640e+02 8.070192737077554739e+02
1.075672236781460622e+00 1.431054897859506569e+00 6.684187839996412777e+02 -1.323291186997553268e+03
9.708994024831910652e-01 9.700238107112718611e-01 2.396408707341291517e+02 7.557433166934591782e+02
8.295332039801169843e-01 8.367949752074353986e-01 -1.038767241877933657e+03 1.152014217291304703e+03
7.836105230085963491e-01 1.233826100899578115e+00 -2.491112862690600650e+03 -1.288988656243068363e+03
9.649534007528010049e-01 8.043709265212727333e-01 -9.418983865597346039e+02 -1.974323918423050145e+03
9.183744514259331027e-01 1.490630074591737797e+00 7.199094726717715957e+02 2.247140974271473169e+03
9.392987035202842172e-01 1.579593977274917460e+00 -9.613503407614592788e+02 1.019588255000874142e+03
7.525644630104032506e-01 9.819460236494103045e-01 -2.608973528465913205e+03 1.847671649703529965e+03
8.003052068617388937e-01 1.101193305221975116e+00 1.090616940770305291e+03 -1.203428897014905033e+03
1.332572890368786345e+00 7.471132143337569920e-01 -1.359774583653201944e+03 -9.429733612671041953e+01
9.311164536458892416e-01 9.225487538726928616e-01 -2.514157693302379357e+03 -1.705349247992057144e+03
9.045383749121513883e-01 9.508640823511734785e-01 -1.151797872298597895e+03 4.617590531299268264e+02
1.457331961455829994e+00 9.649480702735693249e-01 1.480750407219296221e+03 1.255741730535025454e+03
7.672071075087484315e-01 1.058638337738470270e+00 9.985834514901187049e+02 3.011917670954402411e+02
1.190254662115012074e+00 1.572655755487782026e+00 3.270781879081149555e+02 1.553180964418027997e+03
1.063732124739173779e+00 1.007784945049680081e+00 -7.614196202852841679e+02 -9.886580504517312420e+02
1.136818630180940648e+00 1.251828168366717176e+00 -6.991538258078971921e+02 6.391517600437990723e+02
1.072918853156542340e+00 8.033639725858316982e-01 -3.174472508774207427e+02 -2.069463592134903593e+03
8.705321700885403358e-01 9.711000968364560393e-01 -2.575140626534161470e+02 -4.969215501828775814e+02
7.795145600914072936e-01 1.256160825296486205e+00 -1.039653368897540076e+03 2.510862582239633980e+02
1.028806463636905644e+00 9.368804374966552828e-01 -1.992086129359842914e+02 8.918427945187583816e+01
9.823381265304551579e-01 1.056010070320166472e+00 -1.972592367305431083e+02 1.735657758852080690e+02
1.103761490700724046e+00 8.953421396088386830e-01 -3.014180597730922273e+03 1.330339292281684948e+03
9.287907481719278602e-01 1.036204375352057117e+00 -9.456324527859841282e+02 5.619386520165488719e+01
1.377287836920148667e+00 7.483527428447225294e-01 1.688948440554078161e+03 8.090316363113086027e+02
1.329430853761074616e+00 6.842117842857503573e-01 -1.848726407200302901e+03 -3.199784902939824178e+02
1.206878353656416047e+00 6.419520948646114666e-01 6.643162694832976740e+02 6.060648521299146978e+02
1.372543950804237634e+00 9.666709525565063688e-01 6.031269996000780793e+02 -9.658398965842113739e+02
9.801692931937558972e-01 1.084741335288086361e+00 -1.431006725085789185e+03 -9.862069375051754605e+02
1.208907644405547321e+00 6.118937303293416896e-01 -1.589462035575441234e+02 9.603227994207243228e+02
1.078309917778045524e+00 1.335316392674870789e+00 1.520115008358166278e+03 3.794028036478078320e+03
1.235685579891357966e+00 1.019206883155658883e+00 9.274716320260358771e+02 -1.293467522436706759e+03
9.187624371900167120e-01 7.475876829548100400e-01 1.454176691539105605e+03 9.255849998220148791e+02
1.027714280936517621e+00 1.010098413747072543e+00 -9.199473064111840586e+02 -1.029436325844162639e+03
9.522779381636187201e-01 1.453839913033288189e+00 -1.412480835616776403e+03 -1.165775221130401633e+03
1.198402488255720044e+00 8.581146738124862949e-01 4.580293101799277792e+03 -8.669862628975111818e+01
1.075636414750507308e+00 9.659559435738882538e-01 9.804407006297344651e+02 9.117502964408423622e+02
9.294974988170678909e-01 7.448905232104744423e-01 -2.863883995288957976e+03 1.244432327573808834e+03
9.367385962352579032e-01 1.320271911498652972e+00 -2.228270984557686916e+03 -1.436462092491081421e+03
1.056724778232291495e+00 8.832926932394570274e-01 5.747341260682519533e+02 -2.737843138462527804e+03
1.123484268680189135e+00 9.001466273218062808e-01 7.926780327479988273e+02 -6.191525201295659997e+01
1.304268744709074834e+00 6.281326687263973918e-01 -8.615606603515816460e+02 -7.830799132599312316e+02
1.118213742295899760e+00 7.877898209512936845e-01 -6.584602201952361611e+02 7.308995941153563081e+02
1.315533054798348589e+00 8.278338033750827218e-01 4.775198513794504834e+03 -1.397299568094822916e+03
1.551963946231735614e+00 9.888211702764277966e-01 -1.469682635476385713e+03 -3.747022471280006926e+02
1.278387791134215190e+00 8.753464471072669451e-01 3.069197090813533123e+03 1.520988689266433482e+02
1.040848016204489968e+00 8.798400481355511671e-01 -3.708839957846158541e+03 3.796209705228636153e+02
9.145076281907404958e-01 8.503284156504360425e-01 1.530877321318418808e+03 -1.881242740353275849e+03
8.015553625388558423e-01 1.193248634407719333e+00 6.784786565824202853e+02 1.391994237422323977e+03
8.663843509137761911e-01 1.106844323999618407e+00 -3.613215270086025157e+02 -3.155744463876235955e+02
1.023524146819074110e+00 1.163313269848015308e+00 -1.079407416557410670e+03 1.606316004110205768e+03
1.187675210178266827e+00 1.275121318944604898e+00 8.057468811451171860e+02 3.305102142908078804e+03
1.232412112028477447e+00 1.253798761241899040e+00 7.609040852575592453e+02 3.946905431287605666e+02
7.949190447888342392e-01 9.390678488558061865e-01 -7.926334708207093627e+02 -1.831432131906565019e+03
1.181248195292199155e+00 1.041469944107101364e+00 -3.318992746414261887e+02 4.511652189293145625e+02
1.662187080205804302e+00 1.277124067778013572e+00 -1.212463903716701225e+03 -1.103801897497802656e+03
9.022264418792892426e-01 1.178820544986290297e+00 -7.724733979060347622e+01 -5.718604800227005853e+02
1.398863988785951307e+00 7.244122625739559673e-01 3.285989044330720844e+03 -6.563573090038654527e+02
1.271149192277419404e+00 1.543687534883914081e+00 -1.225321998391611658e+02 2.514233306530262780e+03
8.723947325282845888e-01 9.548248047262466454e-01 2.954708709896297478e+03 6.790018109302773155e+02
7.946749454959741721e-01 1.127421772457702254e+00 2.632320473095030593e+03 6.907524849320993781e+02
7.817265877662895601e-01 8.346142428469222052e-01 1.836897057116793349e+03 2.829196442520309120e+03
7.959746048389116924e-01 7.261757620611211106e-01 5.887325748902680971e+02 -3.196222657576818619e+03
1.180873074876147122e+00 9.225019041523222496e-01 9.281794445002551583e+02 -1.110794212130547749e+03
7.909818241447779119e-01 1.029649899971382565e+00 2.158648156574607526e+02 -5.315832457638355208e+02
1.027515111269824422e+00 1.002873276237493005e+00 3.260545739424038203e+01 7.240609727702309328e+02
7.423428952903308176e-01 1.245203019726376148e+00 -1.447135529287112831e+03 -8.052304067332222530e+02
1.181404123797525463e+00 8.695789356907568379e-01 2.226255140569406649e+03 2.704465724344267073e+03
1.018614138395405488e+00 1.394207442190546598e+00 -1.649284203490069331e+03 -2.815325937190406876e+03
1.214168030611129989e+00 1.202663872934887745e+00 1.004482668473656190e+03 -1.339582141011831936e+03
1.134136528851751091e+00 7.531645253276997298e-01 1.331155893117466348e+03 5.252545967647578209e+02
9.795836159055376635e-01 8.310078110991525602e-01 5.306271513831721904e+02 -7.183740420634768498e+02
1.034061677928584722e+00 1.142986604941284012e+00 -1.657772115525739991e+03 1.068799934248055933e+03
9.492606156018857932e-01 7.562732809011729618e-01 2.852736293223054417e+03 6.473665142861126469e+02
8.218965782984286594e-01 1.091104647538047701e+00 7.441804095266155628e+02 1.449453622769402045e+03
7.888595620450131740e-01 1.145092986924793443e+00 8.003717858971737087e+02 -1.246126747995816004e+03
8.355318245055052273e-01 1.097922141602278412e+00 1.378727982953885657e+03 2.099474300047063025e+03
1.047326590756616271e+00 1.107509013641767126e+00 1.334015084494473967e+03 1.193987756754130487e+03
8.072336952126110132e-01 9.627877511861375748e-01 -1.171551249891130965e+03 -2.537296575708326998e+02
9.971818019521110354e-01 1.686132307648278372e+00 6.063971181556098600e+02 2.980420747658197911e+02
1.073836819842882040e+00 9.870042911975559496e-01 1.888024357299256735e+03 -2.712601288169190639e+02
1.162734731939116362e+00 7.324288702529342387e-01 1.414824874722097775e+03 8.014055742962514159e+02
1.084145481651730192e+00 1.143193191388476970e+00 1.315525859361717949e+03 -8.567143616138977791e+01
1.004475467421341195e+00 1.017711308269465320e+00 -1.817120368830468351e+03 3.833365958862191292e+02
7.273844306330715659e-01 1.009276392287392854e+00 1.396792750926339977e+03 7.715234754954806249e+02
1.339112060424625827e+00 9.400220185162556641e-01 -5.194214889002810196e+02 1.358235288101842798e+03
8.967752050576509593e-01 1.000323808110011425e+00 2.518490512665894130e+03 -1.525136076051996724e+03
1.203208983590768000e+00 9.760946179985963145e-01 -1.968927409293500432e+03 1.041292469401371818e+03
1.195977616841514823e+00 1.455174443824641894e+00 2.323167589670497364e+03 -4.191088713820054750e+02
1.154433223610101145e+00 1.051703070466017964e+00 1.332914459444173644e+03 9.232181139454996810e+02
1.067166004928728595e+00 7.145987471753468823e-01 5.613023873919376001e+02 1.137788938162422028e+03
1.000281479386704309e+00 8.841158762380577629e-01 -7.288221252902409333e+02 2.320045151974092335e+02
1.040323755637962533e+00 1.380246643375369731e+00 1.785524812189880492e+02 -1.456352377506342464e+03
9.201928428266678006e-01 1.733719222514365166e+00 -5.013549425589288830e+02 7.310355051874897754e+02
1.032892378908704778e+00 1.005783286444383196e+00 -9.332556412811404698e+02 -2.370989342098567647e+02
6.803592555420664434e-01 2.376551782210123864e+00 2.986008652745901486e+02 4.964357312256289561e+02
1.083691523420811542e+00 8.738085217787872061e-01 -6.551753605861498500e+02 -4.962154732610674728e+02
1.536929341408850513e+00 1.258027529804567113e+00 3.281386052452996296e+02 6.180748530616875769e+02
9.441475858255589104e-01 1.005196935045647555e+00 3.876820868642853384e+02 -2.618854633474861203e+03
5.661454159439338607e-01 1.358985884811518385e+00 -1.006040513770330790e+03 6.874678594513459302e+02
8.392265059387663539e-01 8.323006199468626631e-01 -5.481726236494122304e+02 -5.841037086394420612e+02
1.089752255003069603e+00 8.173662396448192480e-01 7.752552250548142183e+02 -4.884376213899248569e+02
1.123657173928834352e+00 9.648741271181396906e-01 2.549214578025894298e+03 -4.893644645791883704e+03
9.608465002376657127e-01 1.474023073332323852e+00 1.458106204419377491e+03 -1.251514526634673530e+02
1.051873643738026942e+00 7.553873146992530208e-01 4.338506080097863560e+02 3.268414536463765785e+02
9.495042314158688157e-01 1.060856741295169936e+00 4.641990734592538956e+02 -1.977574190999448092e+03
7.724057605560225026e-01 9.376661786119018238e-01 -2.242175038962677149e+02 1.575512452643534289e+03
1.125251779051763990e+00 9.817785697340276618e-01 -1.201184275179510450e+03 1.351547494728584297e+03
6.764611568897184180e-01 1.038170052479285843e+00 -1.290815313591188897e+03 3.432736205182666708e+03
1.002646423785083396e+00 9.572447014544591681e-01 -1.391522187209277028e+01 -1.818625762108448498e+03
1.024491704351879973e+00 8.489797669806531388e-01 7.358553523708311559e+02 -1.272977181983994477e+01
1.350059675065634401e+00 1.002506386167820285e+00 -1.806733350802965674e+02 9.074077115085160585e+02
9.551515348144805628e-01 7.458470428130835606e-01 -2.067600707706911635e+03 -4.944468334867702879e+02
1.237917650828010308e+00 9.949107216777502982e-01 2.283921653494512157e+03 1.951828771109957643e+03
9.767511982479042398e-01 8.219268933441421510e-01 6.893296962723075012e+02 -2.869383419521694577e+03
7.547723012906316642e-01 1.383656056602730722e+00 5.692096428083897308e+02 1.231484155202203510e+03
1.006695041982451633e+00 1.061524522985102470e+00 -7.491424237045023347e+02 3.593384508171494076e+02
1.120016844209079432e+00 1.019056089729188264e+00 1.142385234626760848e+03 1.703687906284155815e+03
1.042031041517547107e+00 5.086179627444482598e-01 -1.364097963295153932e+03 -1.098778900340882274e+03
1.128986019445216815e+00 1.698967632826924978e+00 2.160958350169404184e+03 -1.132566320930777238e+03
1.073756643283735102e+00 7.137599826836935613e-01 -1.663565661672254521e+02 1.668928785711720593e+03
9.624555273234477459e-01 8.165656471402094052e-01 9.698086982045085733e+02 -1.303635352161262972e+03
1.058643706165312004e+00 1.150930152303069498e+00 1.550259920692572905e+03 1.769884849241695292e+03
1.307353514850301268e+00 1.194426726109431680e+00 9.263844930566617677e+02 6.416003812697338162e+02
9.855206802753851969e-01 9.800585919855073769e-01 -2.602746212002266930e+03 -2.718818214088229865e+02
1.247162353928266576e+00 8.468128910438698087e-01 4.873262271803695285e+02 5.644283214563178035e+02
1.307496256520672029e+00 9.260082944600932509e-01 2.021050413934045537e+03 -1.042174275803709179e+03
1.100763549423671828e+00 9.694634426966298735e-01 2.739163110189338823e+01 1.322230474897267413e+03
9.080480189173567585e-01 1.258885495978937286e+00 -1.809764671337341042e+02 2.957051051877223472e+03
1.018399151600434926e+00 6.725011682298269733e-01 -5.221231690692630991e+02 -6.697277363830191916e+02
1.579579186206564456e+00 1.214636224826858291e+00 -1.646043855776460532e+03 -8.023868216628558230e+02
8.716773066685679083e-01 9.455014088313629106e-01 7.426946178888206305e+02 3.270410914053741180e+03
1.008914868214683125e+00 1.329820320829372626e+00 -1.795613124019101861e+03 5.060207380518790501e+02
7.518589341014220162e-01 1.027974576382121974e+00 -8.289143691466673545e+02 -6.132242862382555586e+02
1.104298591667143947e+00 1.106749078126781693e+00 -3.399105071131712066e+02 6.390721720337521674e+02
9.851035931650228283e-01 6.968160233453857266e-01 -1.523035028851091283e+03 1.686418326873157412e+03
1.149086212095877801e+00 8.005252854844864263e-01 1.290934320117824200e+03 -2.073503903789555352e+03
9.793365536762190793e-01 9.657608059445113025e-01 5.578720941411858121e+02 1.061169157136603644e+03
1.051643293004591140e+00 1.162802763560356611e+00 2.559050494338154294e+03 2.141240089262206311e+03
9.159035804108875967e-01 8.493409764748994784e-01 -7.115225283724225847e+02 -9.221025557692412349e+02
1.000904399097108044e+00 8.702227745503080536e-01 -8.375914754047706765e+02 -7.376127926354787405e+02
9.881939094320050243e-01 9.123325583541841421e-01 1.875494620946225552e+02 4.377145040088366272e+02
1.536156752932538394e+00 1.246712606745197016e+00 1.914808281671507530e+03 -6.433986580669827617e+02
8.952548782325834287e-01 7.509106634495189558e-01 -1.703712129394597014e+03 1.004046605379149469e+03
1.020831785672979608e+00 1.083888744293594941e+00 -1.402102145696504067e+03 4.744920563093837274e+01
9.923438472199423988e-01 8.028170120309667812e-01 -6.562732895695947946e+02 -7.680165293869463028e+01
1.478465753936753613e+00 1.106534402144912610e+00 -1.894268427945826829e+02 4.155455029021586597e+02
9.671596267388924417e-01 1.127862552338728008e+00 -7.888157743823678629e+02 1.162193681391279227e+02
8.889510413436034764e-01 1.255229284939705980e+00 -3.144424438524915786e+03 -1.905599254021487923e+03
9.964335740505447792e-01 1.017772398143089285e+00 -2.728567938700300033e+01 2.123711616929287629e+03
8.737478132313611923e-01 1.540969202857497944e+00 7.347358299673934425e+02 4.956261107138717534e+02
8.251448887117310838e-01 9.095183892673768256e-01 -1.838334561246356770e+03 -1.297060726383188921e+03
9.456656459469492404e-01 1.403064723108566225e+00 1.171576569480967237e+03 -8.707192480911361372e+02
6.856421745965465275e-01 1.043787803376776901e+00 1.658364956633321754e+03 -1.601266403729719514e+03
6.123551301963348070e-01 6.993280615180438309e-01 -6.492545877234872478e+02 5.294490461852103635e+02
1.108821432282749209e+00 8.429252194912261187e-01 1.085012719505993800e+03 1.274803163917218171e+03
6.640263335814574619e-01 7.952668214958351633e-01 1.303937758213875441e+03 -1.870526906638073115e+03
1.410761000898356210e+00 1.107959470109135536e+00 1.407608957555962888e+03 -8.715436656912753506e+02
7.226830086349983473e-01 1.022731632579110705e+00 6.337644788531738413e+02 -4.253313960556113216e+02
1.154921791012999854e+00 8.076333766189468522e-01 3.732294386988603492e+02 -3.402912127061396859e+03
1.082661924620189620e+00 1.491063054092077955e+00 -3.332108544731706274e+02 1.612249485330653158e+02
6.942697163490497703e-01 7.802102027647094262e-01 -9.184960375884293171e+01 -2.093433030406253238e+03
1.322032651818168869e+00 1.134600447503018472e+00 1.064558289089181017e+03 6.575077671682515756e+02
1.185748657980262966e+00 9.885159309797395544e-01 -1.562040769996294557e+03 1.808442088516414969e+03
1.257303087428550237e+00 1.150284117335921286e+00 -9.385071410769062084e+01 -1.627350073261637363e+03
1.008433467249283844e+00 7.686202270024296013e-01 -3.657612235167017189e+01 1.395943607925427386e+03
9.107322767097170146e-01 1.088929509965141484e+00 1.840269289462328970e+03 2.885523718125920368e+03
9.495118124320680586e-01 1.309230454569203506e+00 5.724214641643405912e+02 -2.753354663180325588e+03
7.462077860452981382e-01 1.031271160500321526e+00 -2.760930075615191299e+02 -1.117873927114430217e+03
1.178240889778297662e+00 1.689977289599897015e+00 1.862460667016833440e+03 -1.184631863817119211e+03
1.169029909049224880e+00 1.735371395969140584e+00 -3.352470650442969145e+03 1.043959540149648092e+03
1.010484036431157806e+00 1.184542942036445057e+00 8.053154689839554976e+02 1.222444455166068792e+03
1.110782419081283168e+00 9.222960496281802367e-01 -3.352663633525407931e+03 -5.627393740585762316e+02
1.340189146943440379e+00 9.161929752287764073e-01 -7.104127070228516914e+02 1.271083887684641695e+03
1.443268863449980399e+00 9.398497422473616192e-01 4.970160850913932222e+02 -2.201308531298576327e+03
8.263786312956070690e-01 9.812097986971598518e-01 -2.362793471735408275e+03 -2.702728405610329901e+03
9.653863170949843475e-01 9.975128476890302576e-01 -9.308353765296691336e+02 3.476871693079966121e+02
1.593166704970554237e+00 6.541224507267704436e-01 -1.220351780883238916e+03 3.055879627059111044e+03
1.160331286737396272e+00 1.309567492857790283e+00 7.439332173608066796e+02 -1.341828779660653026e+03
8.975766845915268410e-01 7.564566368754782610e-01 2.670741446058713109e+02 9.739330814482298138e+02
8.621819171319768937e-01 1.118456946414476016e+00 -2.661791240849505812e+03 3.881910881089824557e+02
1.402638380798407747e+00 9.737791414353970110e-01 2.677945744099370586e+03 -1.021286772252385049e+03
9.412431052988284863e-01 1.002563412847658153e+00 3.430917820991973031e+02 -4.038677951979699969e+02
1.120198137657621773e+00 6.636913551933524280e-01 -8.398601924367645211e+01 -3.428421788936000212e+02
9.237664839357077051e-01 7.526623543189692178e-01 -1.459604916114250500e+03 -6.354252362872010735e+02
1.633426367259770862e+00 8.422896123149780090e-01 3.163479239128364043e+03 5.461076619934276266e+01
8.495420890871945296e-01 1.097217884218014250e+00 2.107800649739286314e+02 5.903241202620608874e+02
9.402438158015332670e-01 1.010275397030329758e+00 -1.019947396421480789e+03 4.706156624925267238e+02
9.754528656618524085e-01 1.158561032219698417e+00 -6.989899792742342015e+02 -1.528685350673297762e+03
7.986428795256043101e-01 1.344088894956602998e+00 1.158342482306664749e+02 -2.077528230509074547e+03
9.865647515425118863e-01 1.322835335963662651e+00 1.239586264154769196e+03 1.126341823114192948e+03
8.907168064560063714e-01 1.178837788723922975e+00 -3.384874763838700801e+03 -2.050199613016390231e+03
8.916062728953094707e-01 9.110821357825800160e-01 3.710688288267123198e+02 -3.392683652430673078e+02
9.170079184822834684e-01 7.483137125143132229e-01 4.667639161697464260e+03 2.810948962629502148e+03
